4649
-3484
3948
-8136
6934
-1519
-3017
8024
3360
2194
7087
-5140
757
-8814
-5145
7346
-1641
-4415
2589
-6835
-5099
641
7954
8932
-285
-827
-3868
7712
4015
9198
-350
288
-338
9788
5744
9218
4319
-365
-4541
9862
-6787
2155
-2595
-9562
-9232
6580
5000
-9448
-4137
-8666
-3196
5011
-7883
511
651
4091
-8224
-8294
4266
-9844
-45
-1140
3969
-879
7513
-3688
-1992
-5591
-8019
1315
3993
-8062
-5924
-7736
1771
3878
2776
3104
6868
9183
-6246
5827
-497
-4913
6612
-3099
-2080
8584
-8471
4000
-9237
1649
-121
4461
9073
-7581
9160
-4285
-8108
-5358